z	n	A	E2+            err
2          2          4         100.00000000         100.00000000
2          4          6         100.00000000         100.00000000
2          6          8         100.00000000         100.00000000
2          8         10         100.00000000         100.00000000
2         10         12         100.00000000         100.00000000
2         12         14         100.00000000         100.00000000
2         14         16         100.00000000         100.00000000
2         16         18         100.00000000         100.00000000
4          2          6         100.00000000         100.00000000
4          4          8         100.00000000         100.00000000
4          6         10         100.00000000         100.00000000
4          8         12         100.00000000         100.00000000
4         10         14         100.00000000         100.00000000
4         12         16         100.00000000         100.00000000
4         14         18         100.00000000         100.00000000
4         16         20         100.00000000         100.00000000
6          2          8         100.00000000         100.00000000
6          4         10         100.00000000         100.00000000
6          6         12         100.00000000         100.00000000
6          8         14         100.00000000         100.00000000
6         10         16         100.00000000         100.00000000
6         12         18         100.00000000         100.00000000
6         14         20         100.00000000         100.00000000
6         16         22         100.00000000         100.00000000
6         18         24         100.00000000         100.00000000
6         20         26         100.00000000         100.00000000
6         22         28         100.00000000         100.00000000
8          2         10         100.00000000         100.00000000
8          4         12         100.00000000         100.00000000
8          6         14         100.00000000         100.00000000
8          8         16         100.00000000         100.00000000
8         10         18         100.00000000         100.00000000
8         12         20         100.00000000         100.00000000
8         14         22         100.00000000         100.00000000
8         16         24         100.00000000         100.00000000
8         18         26         100.00000000         100.00000000
8         20         28         100.00000000         100.00000000
8         22         30         100.00000000         100.00000000
8         24         32         100.00000000         100.00000000
8         26         34         100.00000000         100.00000000
10          2         12         100.00000000         100.00000000
10          4         14         100.00000000         100.00000000
10          6         16         100.00000000         100.00000000
10          8         18         100.00000000         100.00000000
10         10         20         100.00000000         100.00000000
10         12         22         100.00000000         100.00000000
10         14         24         100.00000000         100.00000000
10         16         26         100.00000000         100.00000000
10         18         28         100.00000000         100.00000000
10         20         30         100.00000000         100.00000000
10         22         32         100.00000000         100.00000000
10         24         34         100.00000000         100.00000000
10         26         36         100.00000000         100.00000000
10         28         38         100.00000000         100.00000000
10         30         40         100.00000000         100.00000000
12          2         14         100.00000000         100.00000000
12          4         16         100.00000000         100.00000000
12          6         18         100.00000000         100.00000000
12          8         20         100.00000000         100.00000000
12         10         22         100.00000000         100.00000000
12         12         24         100.00000000         100.00000000
12         14         26         100.00000000         100.00000000
12         16         28         100.00000000         100.00000000
12         18         30         100.00000000         100.00000000
12         20         32         100.00000000         100.00000000
12         22         34         100.00000000         100.00000000
12         24         36         100.00000000         100.00000000
12         26         38         100.00000000         100.00000000
12         28         40         100.00000000         100.00000000
12         30         42         100.00000000         100.00000000
12         32         44         100.00000000         100.00000000
12         34         46         100.00000000         100.00000000
12         36         48         100.00000000         100.00000000
14          2         16         100.00000000         100.00000000
14          4         18         100.00000000         100.00000000
14          6         20         100.00000000         100.00000000
14          8         22         100.00000000         100.00000000
14         10         24         100.00000000         100.00000000
14         12         26         100.00000000         100.00000000
14         14         28         100.00000000         100.00000000
14         16         30         100.00000000         100.00000000
14         18         32         100.00000000         100.00000000
14         20         34         100.00000000         100.00000000
14         22         36         100.00000000         100.00000000
14         24         38         100.00000000         100.00000000
14         26         40         100.00000000         100.00000000
14         28         42         100.00000000         100.00000000
14         30         44         100.00000000         100.00000000
14         32         46         100.00000000         100.00000000
14         34         48         100.00000000         100.00000000
14         36         50         100.00000000         100.00000000
16          4         20         100.00000000         100.00000000
16          6         22         100.00000000         100.00000000
16          8         24         100.00000000         100.00000000
16         10         26         100.00000000         100.00000000
16         12         28         100.00000000         100.00000000
16         14         30         100.00000000         100.00000000
16         16         32         100.00000000         100.00000000
16         18         34         100.00000000         100.00000000
16         20         36         100.00000000         100.00000000
16         22         38         100.00000000         100.00000000
16         24         40         100.00000000         100.00000000
16         26         42         100.00000000         100.00000000
16         28         44         100.00000000         100.00000000
16         30         46         100.00000000         100.00000000
16         32         48         100.00000000         100.00000000
16         34         50         100.00000000         100.00000000
16         36         52         100.00000000         100.00000000
16         38         54         100.00000000         100.00000000
18          4         22         100.00000000         100.00000000
18          6         24         100.00000000         100.00000000
18          8         26         100.00000000         100.00000000
18         10         28         100.00000000         100.00000000
18         12         30         100.00000000         100.00000000
18         14         32         100.00000000         100.00000000
18         16         34         100.00000000         100.00000000
18         18         36         100.00000000         100.00000000
18         20         38         100.00000000         100.00000000
18         22         40         100.00000000         100.00000000
18         24         42         100.00000000         100.00000000
18         26         44         100.00000000         100.00000000
18         28         46         100.00000000         100.00000000
18         30         48         100.00000000         100.00000000
18         32         50         100.00000000         100.00000000
18         34         52         100.00000000         100.00000000
18         36         54         100.00000000         100.00000000
18         38         56         100.00000000         100.00000000
18         40         58         100.00000000         100.00000000
18         42         60         100.00000000         100.00000000
20          8         28         100.00000000         100.00000000
20         10         30         100.00000000         100.00000000
20         12         32         100.00000000         100.00000000
20         14         34         100.00000000         100.00000000
20         16         36         100.00000000         100.00000000
20         18         38         100.00000000         100.00000000
20         20         40         100.00000000         100.00000000
20         22         42         100.00000000         100.00000000
20         24         44         100.00000000         100.00000000
20         26         46         100.00000000         100.00000000
20         28         48         100.00000000         100.00000000
20         30         50         100.00000000         100.00000000
20         32         52         100.00000000         100.00000000
20         34         54         100.00000000         100.00000000
20         36         56         100.00000000         100.00000000
20         38         58         100.00000000         100.00000000
20         40         60         100.00000000         100.00000000
20         42         62         100.00000000         100.00000000
20         44         64         100.00000000         100.00000000
20         46         66         100.00000000         100.00000000
22         12         34         100.00000000         100.00000000
22         14         36         100.00000000         100.00000000
22         16         38         100.00000000         100.00000000
22         18         40         100.00000000         100.00000000
22         20         42         100.00000000         100.00000000
22         22         44         100.00000000         100.00000000
22         24         46         100.00000000         100.00000000
22         26         48         100.00000000         100.00000000
22         28         50         100.00000000         100.00000000
22         30         52         100.00000000         100.00000000
22         32         54         100.00000000         100.00000000
22         34         56         100.00000000         100.00000000
22         36         58         100.00000000         100.00000000
22         38         60         100.00000000         100.00000000
22         40         62         100.00000000         100.00000000
22         42         64         100.00000000         100.00000000
22         44         66         100.00000000         100.00000000
22         46         68         100.00000000         100.00000000
24         14         38         100.00000000         100.00000000
24         16         40         100.00000000         100.00000000
24         18         42         100.00000000         100.00000000
24         20         44         100.00000000         100.00000000
24         22         46         100.00000000         100.00000000
24         24         48         100.00000000         100.00000000
24         26         50         100.00000000         100.00000000
24         28         52         100.00000000         100.00000000
24         30         54         100.00000000         100.00000000
24         32         56         100.00000000         100.00000000
24         34         58         100.00000000         100.00000000
24         36         60         100.00000000         100.00000000
24         38         62         100.00000000         100.00000000
24         40         64         100.00000000         100.00000000
24         42         66         100.00000000         100.00000000
24         44         68         100.00000000         100.00000000
24         46         70         100.00000000         100.00000000
24         48         72         100.00000000         100.00000000
24         50         74         100.00000000         100.00000000
26         14         40         100.00000000         100.00000000
26         16         42         100.00000000         100.00000000
26         18         44         100.00000000         100.00000000
26         20         46         100.00000000         100.00000000
26         22         48         100.00000000         100.00000000
26         24         50         100.00000000         100.00000000
26         26         52         100.00000000         100.00000000
26         28         54         100.00000000         100.00000000
26         30         56         100.00000000         100.00000000
26         32         58         100.00000000         100.00000000
26         34         60         100.00000000         100.00000000
26         36         62         100.00000000         100.00000000
26         38         64         100.00000000         100.00000000
26         40         66         100.00000000         100.00000000
26         42         68         100.00000000         100.00000000
26         44         70         100.00000000         100.00000000
26         46         72         100.00000000         100.00000000
26         48         74         100.00000000         100.00000000
26         50         76         100.00000000         100.00000000
26         52         78         100.00000000         100.00000000
28         16         44         100.00000000         100.00000000
28         18         46         100.00000000         100.00000000
28         20         48         100.00000000         100.00000000
28         22         50         100.00000000         100.00000000
28         24         52         100.00000000         100.00000000
28         26         54         100.00000000         100.00000000
28         28         56         100.00000000         100.00000000
28         30         58         100.00000000         100.00000000
28         32         60         100.00000000         100.00000000
28         34         62         100.00000000         100.00000000
28         36         64         100.00000000         100.00000000
28         38         66         100.00000000         100.00000000
28         40         68         100.00000000         100.00000000
28         42         70         100.00000000         100.00000000
28         44         72         100.00000000         100.00000000
28         46         74         100.00000000         100.00000000
28         48         76         100.00000000         100.00000000
28         50         78         100.00000000         100.00000000
28         52         80         100.00000000         100.00000000
28         54         82         100.00000000         100.00000000
28         56         84         100.00000000         100.00000000
28         58         86         100.00000000         100.00000000
30         20         50         100.00000000         100.00000000
30         22         52         100.00000000         100.00000000
30         24         54         100.00000000         100.00000000
30         26         56         100.00000000         100.00000000
30         28         58         100.00000000         100.00000000
30         30         60         100.00000000         100.00000000
30         32         62         100.00000000         100.00000000
30         34         64         100.00000000         100.00000000
30         36         66         100.00000000         100.00000000
30         38         68         100.00000000         100.00000000
30         40         70         100.00000000         100.00000000
30         42         72         100.00000000         100.00000000
30         44         74         100.00000000         100.00000000
30         46         76         100.00000000         100.00000000
30         48         78         100.00000000         100.00000000
30         50         80         100.00000000         100.00000000
30         52         82         100.00000000         100.00000000
30         54         84         100.00000000         100.00000000
30         56         86         100.00000000         100.00000000
30         58         88         100.00000000         100.00000000
30         60         90         100.00000000         100.00000000
32         24         56         100.00000000         100.00000000
32         26         58         100.00000000         100.00000000
32         28         60         100.00000000         100.00000000
32         30         62         100.00000000         100.00000000
32         32         64         100.00000000         100.00000000
32         34         66         100.00000000         100.00000000
32         36         68         100.00000000         100.00000000
32         38         70         100.00000000         100.00000000
32         40         72         100.00000000         100.00000000
32         42         74         100.00000000         100.00000000
32         44         76         100.00000000         100.00000000
32         46         78         100.00000000         100.00000000
32         48         80         100.00000000         100.00000000
32         50         82         100.00000000         100.00000000
32         52         84         100.00000000         100.00000000
32         54         86         100.00000000         100.00000000
32         56         88         100.00000000         100.00000000
32         58         90         100.00000000         100.00000000
32         60         92         100.00000000         100.00000000
32         62         94         100.00000000         100.00000000
34         24         58         100.00000000         100.00000000
34         26         60         100.00000000         100.00000000
34         28         62         100.00000000         100.00000000
34         30         64         100.00000000         100.00000000
34         32         66         100.00000000         100.00000000
34         34         68         100.00000000         100.00000000
34         36         70         100.00000000         100.00000000
34         38         72         100.00000000         100.00000000
34         40         74         100.00000000         100.00000000
34         42         76         100.00000000         100.00000000
34         44         78         100.00000000         100.00000000
34         46         80         100.00000000         100.00000000
34         48         82         100.00000000         100.00000000
34         50         84         100.00000000         100.00000000
34         52         86         100.00000000         100.00000000
34         54         88         100.00000000         100.00000000
34         56         90         100.00000000         100.00000000
34         58         92         100.00000000         100.00000000
34         60         94         100.00000000         100.00000000
34         62         96         100.00000000         100.00000000
34         64         98         100.00000000         100.00000000
36         28         64         100.00000000         100.00000000
36         30         66         100.00000000         100.00000000
36         32         68         100.00000000         100.00000000
36         34         70         100.00000000         100.00000000
36         36         72         100.00000000         100.00000000
36         38         74         100.00000000         100.00000000
36         40         76         100.00000000         100.00000000
36         42         78         100.00000000         100.00000000
36         44         80         100.00000000         100.00000000
36         46         82         100.00000000         100.00000000
36         48         84         100.00000000         100.00000000
36         50         86         100.00000000         100.00000000
36         52         88         100.00000000         100.00000000
36         54         90         100.00000000         100.00000000
36         56         92         100.00000000         100.00000000
36         58         94         100.00000000         100.00000000
36         60         96         100.00000000         100.00000000
36         62         98         100.00000000         100.00000000
36         64        100         100.00000000         100.00000000
36         66        102         100.00000000         100.00000000
36         68        104         100.00000000         100.00000000
36         70        106         100.00000000         100.00000000
36         72        108         100.00000000         100.00000000
38         28         66         100.00000000         100.00000000
38         30         68         100.00000000         100.00000000
38         32         70         100.00000000         100.00000000
38         34         72         100.00000000         100.00000000
38         36         74         100.00000000         100.00000000
38         38         76         100.00000000         100.00000000
38         40         78         100.00000000         100.00000000
38         42         80         100.00000000         100.00000000
38         44         82         100.00000000         100.00000000
38         46         84         100.00000000         100.00000000
38         48         86         100.00000000         100.00000000
38         50         88         100.00000000         100.00000000
38         52         90         100.00000000         100.00000000
38         54         92         100.00000000         100.00000000
38         56         94         100.00000000         100.00000000
38         58         96         100.00000000         100.00000000
38         60         98         100.00000000         100.00000000
38         62        100         100.00000000         100.00000000
38         64        102         100.00000000         100.00000000
38         66        104         100.00000000         100.00000000
38         68        106         100.00000000         100.00000000
38         70        108         100.00000000         100.00000000
38         72        110         100.00000000         100.00000000
40         32         72         100.00000000         100.00000000
40         34         74         100.00000000         100.00000000
40         36         76         100.00000000         100.00000000
40         38         78         100.00000000         100.00000000
40         40         80         100.00000000         100.00000000
40         42         82         100.00000000         100.00000000
40         44         84         100.00000000         100.00000000
40         46         86         100.00000000         100.00000000
40         48         88         100.00000000         100.00000000
40         50         90         100.00000000         100.00000000
40         52         92         100.00000000         100.00000000
40         54         94         100.00000000         100.00000000
40         56         96         100.00000000         100.00000000
40         58         98         100.00000000         100.00000000
40         60        100         100.00000000         100.00000000
40         62        102         100.00000000         100.00000000
40         64        104         100.00000000         100.00000000
40         66        106         100.00000000         100.00000000
40         68        108         100.00000000         100.00000000
40         70        110         100.00000000         100.00000000
40         72        112         100.00000000         100.00000000
40         74        114         100.00000000         100.00000000
40         76        116         100.00000000         100.00000000
42         34         76         100.00000000         100.00000000
42         36         78         100.00000000         100.00000000
42         38         80         100.00000000         100.00000000
42         40         82         100.00000000         100.00000000
42         42         84         100.00000000         100.00000000
42         44         86         100.00000000         100.00000000
42         46         88         100.00000000         100.00000000
42         48         90         100.00000000         100.00000000
42         50         92         100.00000000         100.00000000
42         52         94         100.00000000         100.00000000
42         54         96         100.00000000         100.00000000
42         56         98         100.00000000         100.00000000
42         58        100         100.00000000         100.00000000
42         60        102         100.00000000         100.00000000
42         62        104         100.00000000         100.00000000
42         64        106         100.00000000         100.00000000
42         66        108         100.00000000         100.00000000
42         68        110         100.00000000         100.00000000
42         70        112         100.00000000         100.00000000
42         72        114         100.00000000         100.00000000
42         74        116         100.00000000         100.00000000
42         76        118         100.00000000         100.00000000
44         36         80         100.00000000         100.00000000
44         38         82         100.00000000         100.00000000
44         40         84         100.00000000         100.00000000
44         42         86         100.00000000         100.00000000
44         44         88         100.00000000         100.00000000
44         46         90         100.00000000         100.00000000
44         48         92         100.00000000         100.00000000
44         50         94         100.00000000         100.00000000
44         52         96         100.00000000         100.00000000
44         54         98         100.00000000         100.00000000
44         56        100         100.00000000         100.00000000
44         58        102         100.00000000         100.00000000
44         60        104         100.00000000         100.00000000
44         62        106         100.00000000         100.00000000
44         64        108         100.00000000         100.00000000
44         66        110         100.00000000         100.00000000
44         68        112         100.00000000         100.00000000
44         70        114         100.00000000         100.00000000
44         72        116         100.00000000         100.00000000
44         74        118         100.00000000         100.00000000
44         76        120         100.00000000         100.00000000
44         78        122         100.00000000         100.00000000
44         80        124         100.00000000         100.00000000
44         82        126         100.00000000         100.00000000
46         38         84         100.00000000         100.00000000
46         40         86         100.00000000         100.00000000
46         42         88         100.00000000         100.00000000
46         44         90         100.00000000         100.00000000
46         46         92         100.00000000         100.00000000
46         48         94         100.00000000         100.00000000
46         50         96         100.00000000         100.00000000
46         52         98         100.00000000         100.00000000
46         54        100         100.00000000         100.00000000
46         56        102         100.00000000         100.00000000
46         58        104         100.00000000         100.00000000
46         60        106         100.00000000         100.00000000
46         62        108         100.00000000         100.00000000
46         64        110         100.00000000         100.00000000
46         66        112         100.00000000         100.00000000
46         68        114         100.00000000         100.00000000
46         70        116         100.00000000         100.00000000
46         72        118         100.00000000         100.00000000
46         74        120         100.00000000         100.00000000
46         76        122         100.00000000         100.00000000
46         78        124         100.00000000         100.00000000
46         80        126         100.00000000         100.00000000
46         82        128         100.00000000         100.00000000
46         84        130         100.00000000         100.00000000
46         86        132         100.00000000         100.00000000
46         88        134         100.00000000         100.00000000
46         90        136         100.00000000         100.00000000
48         42         90         100.00000000         100.00000000
48         44         92         100.00000000         100.00000000
48         46         94         100.00000000         100.00000000
48         48         96         100.00000000         100.00000000
48         50         98         100.00000000         100.00000000
48         52        100         100.00000000         100.00000000
48         54        102         100.00000000         100.00000000
48         56        104         100.00000000         100.00000000
48         58        106         100.00000000         100.00000000
48         60        108         100.00000000         100.00000000
48         62        110         100.00000000         100.00000000
48         64        112         100.00000000         100.00000000
48         66        114         100.00000000         100.00000000
48         68        116         100.00000000         100.00000000
48         70        118         100.00000000         100.00000000
48         72        120         100.00000000         100.00000000
48         74        122         100.00000000         100.00000000
48         76        124         100.00000000         100.00000000
48         78        126         100.00000000         100.00000000
48         80        128         100.00000000         100.00000000
48         82        130         100.00000000         100.00000000
48         84        132         100.00000000         100.00000000
48         86        134         100.00000000         100.00000000
48         88        136         100.00000000         100.00000000
48         90        138         100.00000000         100.00000000
48         92        140         100.00000000         100.00000000
50         44         94         100.00000000         100.00000000
50         46         96         100.00000000         100.00000000
50         48         98         100.00000000         100.00000000
50         50        100         100.00000000         100.00000000
50         52        102         100.00000000         100.00000000
50         54        104         100.00000000         100.00000000
50         56        106         100.00000000         100.00000000
50         58        108         100.00000000         100.00000000
50         60        110         100.00000000         100.00000000
50         62        112         100.00000000         100.00000000
50         64        114         100.00000000         100.00000000
50         66        116         100.00000000         100.00000000
50         68        118         100.00000000         100.00000000
50         70        120         100.00000000         100.00000000
50         72        122         100.00000000         100.00000000
50         74        124         100.00000000         100.00000000
50         76        126         100.00000000         100.00000000
50         78        128         100.00000000         100.00000000
50         80        130         100.00000000         100.00000000
50         82        132         100.00000000         100.00000000
50         84        134         100.00000000         100.00000000
50         86        136         100.00000000         100.00000000
50         88        138         100.00000000         100.00000000
50         90        140         100.00000000         100.00000000
50         92        142         100.00000000         100.00000000
50         94        144         100.00000000         100.00000000
50         96        146         100.00000000         100.00000000
52         46         98         100.00000000         100.00000000
52         48        100         100.00000000         100.00000000
52         50        102         100.00000000         100.00000000
52         52        104         100.00000000         100.00000000
52         54        106         100.00000000         100.00000000
52         56        108         100.00000000         100.00000000
52         58        110         100.00000000         100.00000000
52         60        112         100.00000000         100.00000000
52         62        114         100.00000000         100.00000000
52         64        116         100.00000000         100.00000000
52         66        118         100.00000000         100.00000000
52         68        120         100.00000000         100.00000000
52         70        122         100.00000000         100.00000000
52         72        124         100.00000000         100.00000000
52         74        126         100.00000000         100.00000000
52         76        128         100.00000000         100.00000000
52         78        130         100.00000000         100.00000000
52         80        132         100.00000000         100.00000000
52         82        134         100.00000000         100.00000000
52         84        136         100.00000000         100.00000000
52         86        138         100.00000000         100.00000000
52         88        140         100.00000000         100.00000000
52         90        142         100.00000000         100.00000000
52         92        144         100.00000000         100.00000000
52         94        146         100.00000000         100.00000000
52         96        148         100.00000000         100.00000000
54         48        102         100.00000000         100.00000000
54         50        104         100.00000000         100.00000000
54         52        106         100.00000000         100.00000000
54         54        108         100.00000000         100.00000000
54         56        110         100.00000000         100.00000000
54         58        112         100.00000000         100.00000000
54         60        114         100.00000000         100.00000000
54         62        116         100.00000000         100.00000000
54         64        118         100.00000000         100.00000000
54         66        120         100.00000000         100.00000000
54         68        122         100.00000000         100.00000000
54         70        124         100.00000000         100.00000000
54         72        126         100.00000000         100.00000000
54         74        128         100.00000000         100.00000000
54         76        130         100.00000000         100.00000000
54         78        132         100.00000000         100.00000000
54         80        134         100.00000000         100.00000000
54         82        136         100.00000000         100.00000000
54         84        138         100.00000000         100.00000000
54         86        140         100.00000000         100.00000000
54         88        142         100.00000000         100.00000000
54         90        144         100.00000000         100.00000000
54         92        146         100.00000000         100.00000000
54         94        148         100.00000000         100.00000000
54         96        150         100.00000000         100.00000000
54         98        152         100.00000000         100.00000000
56         54        110         100.00000000         100.00000000
56         56        112         100.00000000         100.00000000
56         58        114         100.00000000         100.00000000
56         60        116         100.00000000         100.00000000
56         62        118         100.00000000         100.00000000
56         64        120         100.00000000         100.00000000
56         66        122         100.00000000         100.00000000
56         68        124         100.00000000         100.00000000
56         70        126         100.00000000         100.00000000
56         72        128         100.00000000         100.00000000
56         74        130         100.00000000         100.00000000
56         76        132         100.00000000         100.00000000
56         78        134         100.00000000         100.00000000
56         80        136         100.00000000         100.00000000
56         82        138         100.00000000         100.00000000
56         84        140         100.00000000         100.00000000
56         86        142         100.00000000         100.00000000
56         88        144         100.00000000         100.00000000
56         90        146         100.00000000         100.00000000
56         92        148         100.00000000         100.00000000
56         94        150         100.00000000         100.00000000
56         96        152         100.00000000         100.00000000
56         98        154         100.00000000         100.00000000
56        100        156         100.00000000         100.00000000
58         56        114         100.00000000         100.00000000
58         58        116         100.00000000         100.00000000
58         60        118         100.00000000         100.00000000
58         62        120         100.00000000         100.00000000
58         64        122         100.00000000         100.00000000
58         66        124         100.00000000         100.00000000
58         68        126         100.00000000         100.00000000
58         70        128         100.00000000         100.00000000
58         72        130         100.00000000         100.00000000
58         74        132         100.00000000         100.00000000
58         76        134         100.00000000         100.00000000
58         78        136         100.00000000         100.00000000
58         80        138         100.00000000         100.00000000
58         82        140         100.00000000         100.00000000
58         84        142         100.00000000         100.00000000
58         86        144         100.00000000         100.00000000
58         88        146         100.00000000         100.00000000
58         90        148         100.00000000         100.00000000
58         92        150         100.00000000         100.00000000
58         94        152         100.00000000         100.00000000
58         96        154         100.00000000         100.00000000
58         98        156         100.00000000         100.00000000
58        100        158         100.00000000         100.00000000
58        102        160         100.00000000         100.00000000
60         60        120         100.00000000         100.00000000
60         62        122         100.00000000         100.00000000
60         64        124         100.00000000         100.00000000
60         66        126         100.00000000         100.00000000
60         68        128         100.00000000         100.00000000
60         70        130         100.00000000         100.00000000
60         72        132         100.00000000         100.00000000
60         74        134         100.00000000         100.00000000
60         76        136         100.00000000         100.00000000
60         78        138         100.00000000         100.00000000
60         80        140         100.00000000         100.00000000
60         82        142         100.00000000         100.00000000
60         84        144         100.00000000         100.00000000
60         86        146         100.00000000         100.00000000
60         88        148         100.00000000         100.00000000
60         90        150         100.00000000         100.00000000
60         92        152         100.00000000         100.00000000
60         94        154         100.00000000         100.00000000
60         96        156         100.00000000         100.00000000
60         98        158         100.00000000         100.00000000
60        100        160         100.00000000         100.00000000
60        102        162         100.00000000         100.00000000
60        104        164         100.00000000         100.00000000
60        106        166         100.00000000         100.00000000
60        108        168         100.00000000         100.00000000
62         60        122         100.00000000         100.00000000
62         62        124         100.00000000         100.00000000
62         64        126         100.00000000         100.00000000
62         66        128         100.00000000         100.00000000
62         68        130         100.00000000         100.00000000
62         70        132         100.00000000         100.00000000
62         72        134         100.00000000         100.00000000
62         74        136         100.00000000         100.00000000
62         76        138         100.00000000         100.00000000
62         78        140         100.00000000         100.00000000
62         80        142         100.00000000         100.00000000
62         82        144         100.00000000         100.00000000
62         84        146         100.00000000         100.00000000
62         86        148         100.00000000         100.00000000
62         88        150         100.00000000         100.00000000
62         90        152         100.00000000         100.00000000
62         92        154         100.00000000         100.00000000
62         94        156         100.00000000         100.00000000
62         96        158         100.00000000         100.00000000
62         98        160         100.00000000         100.00000000
62        100        162         100.00000000         100.00000000
62        102        164         100.00000000         100.00000000
62        104        166         100.00000000         100.00000000
62        106        168         100.00000000         100.00000000
62        108        170         100.00000000         100.00000000
62        110        172         100.00000000         100.00000000
64         62        126         100.00000000         100.00000000
64         64        128         100.00000000         100.00000000
64         66        130         100.00000000         100.00000000
64         68        132         100.00000000         100.00000000
64         70        134         100.00000000         100.00000000
64         72        136         100.00000000         100.00000000
64         74        138         100.00000000         100.00000000
64         76        140         100.00000000         100.00000000
64         78        142         100.00000000         100.00000000
64         80        144         100.00000000         100.00000000
64         82        146         100.00000000         100.00000000
64         84        148         100.00000000         100.00000000
64         86        150         100.00000000         100.00000000
64         88        152         100.00000000         100.00000000
64         90        154         100.00000000         100.00000000
64         92        156         100.00000000         100.00000000
64         94        158         100.00000000         100.00000000
64         96        160         100.00000000         100.00000000
64         98        162         100.00000000         100.00000000
64        100        164         100.00000000         100.00000000
64        102        166         100.00000000         100.00000000
64        104        168         100.00000000         100.00000000
64        106        170         100.00000000         100.00000000
64        108        172         100.00000000         100.00000000
64        110        174         100.00000000         100.00000000
66         66        132         100.00000000         100.00000000
66         68        134         100.00000000         100.00000000
66         70        136         100.00000000         100.00000000
66         72        138         100.00000000         100.00000000
66         74        140         100.00000000         100.00000000
66         76        142         100.00000000         100.00000000
66         78        144         100.00000000         100.00000000
66         80        146         100.00000000         100.00000000
66         82        148         100.00000000         100.00000000
66         84        150         100.00000000         100.00000000
66         86        152         100.00000000         100.00000000
66         88        154         100.00000000         100.00000000
66         90        156         100.00000000         100.00000000
66         92        158         100.00000000         100.00000000
66         94        160         100.00000000         100.00000000
66         96        162         100.00000000         100.00000000
66         98        164         100.00000000         100.00000000
66        100        166         100.00000000         100.00000000
66        102        168         100.00000000         100.00000000
66        104        170         100.00000000         100.00000000
66        106        172         100.00000000         100.00000000
66        108        174         100.00000000         100.00000000
66        110        176         100.00000000         100.00000000
66        112        178         100.00000000         100.00000000
68         72        140         100.00000000         100.00000000
68         74        142         100.00000000         100.00000000
68         76        144         100.00000000         100.00000000
68         78        146         100.00000000         100.00000000
68         80        148         100.00000000         100.00000000
68         82        150         100.00000000         100.00000000
68         84        152         100.00000000         100.00000000
68         86        154         100.00000000         100.00000000
68         88        156         100.00000000         100.00000000
68         90        158         100.00000000         100.00000000
68         92        160         100.00000000         100.00000000
68         94        162         100.00000000         100.00000000
68         96        164         100.00000000         100.00000000
68         98        166         100.00000000         100.00000000
68        100        168         100.00000000         100.00000000
68        102        170         100.00000000         100.00000000
68        104        172         100.00000000         100.00000000
68        106        174         100.00000000         100.00000000
68        108        176         100.00000000         100.00000000
68        110        178         100.00000000         100.00000000
68        112        180         100.00000000         100.00000000
70         74        144         100.00000000         100.00000000
70         76        146         100.00000000         100.00000000
70         78        148         100.00000000         100.00000000
70         80        150         100.00000000         100.00000000
70         82        152         100.00000000         100.00000000
70         84        154         100.00000000         100.00000000
70         86        156         100.00000000         100.00000000
70         88        158         100.00000000         100.00000000
70         90        160         100.00000000         100.00000000
70         92        162         100.00000000         100.00000000
70         94        164         100.00000000         100.00000000
70         96        166         100.00000000         100.00000000
70         98        168         100.00000000         100.00000000
70        100        170         100.00000000         100.00000000
70        102        172         100.00000000         100.00000000
70        104        174         100.00000000         100.00000000
70        106        176         100.00000000         100.00000000
70        108        178         100.00000000         100.00000000
70        110        180         100.00000000         100.00000000
70        112        182         100.00000000         100.00000000
70        114        184         100.00000000         100.00000000
70        116        186         100.00000000         100.00000000
72         74        146         100.00000000         100.00000000
72         76        148         100.00000000         100.00000000
72         78        150         100.00000000         100.00000000
72         80        152         100.00000000         100.00000000
72         82        154         100.00000000         100.00000000
72         84        156         100.00000000         100.00000000
72         86        158         100.00000000         100.00000000
72         88        160         100.00000000         100.00000000
72         90        162         100.00000000         100.00000000
72         92        164         100.00000000         100.00000000
72         94        166         100.00000000         100.00000000
72         96        168         100.00000000         100.00000000
72         98        170         100.00000000         100.00000000
72        100        172         100.00000000         100.00000000
72        102        174         100.00000000         100.00000000
72        104        176         100.00000000         100.00000000
72        106        178         100.00000000         100.00000000
72        108        180         100.00000000         100.00000000
72        110        182         100.00000000         100.00000000
72        112        184         100.00000000         100.00000000
72        114        186         100.00000000         100.00000000
72        116        188         100.00000000         100.00000000
72        118        190         100.00000000         100.00000000
72        120        192         100.00000000         100.00000000
74         76        150         100.00000000         100.00000000
74         78        152         100.00000000         100.00000000
74         80        154         100.00000000         100.00000000
74         82        156         100.00000000         100.00000000
74         84        158         100.00000000         100.00000000
74         86        160         100.00000000         100.00000000
74         88        162         100.00000000         100.00000000
74         90        164         100.00000000         100.00000000
74         92        166         100.00000000         100.00000000
74         94        168         100.00000000         100.00000000
74         96        170         100.00000000         100.00000000
74         98        172         100.00000000         100.00000000
74        100        174         100.00000000         100.00000000
74        102        176         100.00000000         100.00000000
74        104        178         100.00000000         100.00000000
74        106        180         100.00000000         100.00000000
74        108        182         100.00000000         100.00000000
74        110        184         100.00000000         100.00000000
74        112        186         100.00000000         100.00000000
74        114        188         100.00000000         100.00000000
74        116        190         100.00000000         100.00000000
74        118        192         100.00000000         100.00000000
74        120        194         100.00000000         100.00000000
74        122        196         100.00000000         100.00000000
74        124        198         100.00000000         100.00000000
74        126        200         100.00000000         100.00000000
76         78        154         100.00000000         100.00000000
76         80        156         100.00000000         100.00000000
76         82        158         100.00000000         100.00000000
76         84        160         100.00000000         100.00000000
76         86        162         100.00000000         100.00000000
76         88        164         100.00000000         100.00000000
76         90        166         100.00000000         100.00000000
76         92        168         100.00000000         100.00000000
76         94        170         100.00000000         100.00000000
76         96        172         100.00000000         100.00000000
76         98        174         100.00000000         100.00000000
76        100        176         100.00000000         100.00000000
76        102        178         100.00000000         100.00000000
76        104        180         100.00000000         100.00000000
76        106        182         100.00000000         100.00000000
76        108        184         100.00000000         100.00000000
76        110        186         100.00000000         100.00000000
76        112        188         100.00000000         100.00000000
76        114        190         100.00000000         100.00000000
76        116        192         100.00000000         100.00000000
76        118        194         100.00000000         100.00000000
76        120        196         100.00000000         100.00000000
76        122        198         100.00000000         100.00000000
76        124        200         100.00000000         100.00000000
76        126        202         100.00000000         100.00000000
76        128        204         100.00000000         100.00000000
76        130        206         100.00000000         100.00000000
78         82        160         100.00000000         100.00000000
78         84        162         100.00000000         100.00000000
78         86        164         100.00000000         100.00000000
78         88        166         100.00000000         100.00000000
78         90        168         100.00000000         100.00000000
78         92        170         100.00000000         100.00000000
78         94        172         100.00000000         100.00000000
78         96        174         100.00000000         100.00000000
78         98        176         100.00000000         100.00000000
78        100        178         100.00000000         100.00000000
78        102        180         100.00000000         100.00000000
78        104        182         100.00000000         100.00000000
78        106        184         100.00000000         100.00000000
78        108        186         100.00000000         100.00000000
78        110        188         100.00000000         100.00000000
78        112        190         100.00000000         100.00000000
78        114        192         100.00000000         100.00000000
78        116        194         100.00000000         100.00000000
78        118        196         100.00000000         100.00000000
78        120        198         100.00000000         100.00000000
78        122        200         100.00000000         100.00000000
78        124        202         100.00000000         100.00000000
78        126        204         100.00000000         100.00000000
78        128        206         100.00000000         100.00000000
78        130        208         100.00000000         100.00000000
78        132        210         100.00000000         100.00000000
78        134        212         100.00000000         100.00000000
80         84        164         100.00000000         100.00000000
80         86        166         100.00000000         100.00000000
80         88        168         100.00000000         100.00000000
80         90        170         100.00000000         100.00000000
80         92        172         100.00000000         100.00000000
80         94        174         100.00000000         100.00000000
80         96        176         100.00000000         100.00000000
80         98        178         100.00000000         100.00000000
80        100        180         100.00000000         100.00000000
80        102        182         100.00000000         100.00000000
80        104        184         100.00000000         100.00000000
80        106        186         100.00000000         100.00000000
80        108        188         100.00000000         100.00000000
80        110        190         100.00000000         100.00000000
80        112        192         100.00000000         100.00000000
80        114        194         100.00000000         100.00000000
80        116        196         100.00000000         100.00000000
80        118        198         100.00000000         100.00000000
80        120        200         100.00000000         100.00000000
80        122        202         100.00000000         100.00000000
80        124        204         100.00000000         100.00000000
80        126        206         100.00000000         100.00000000
80        128        208         100.00000000         100.00000000
80        130        210         100.00000000         100.00000000
80        132        212         100.00000000         100.00000000
80        134        214         100.00000000         100.00000000
80        136        216         100.00000000         100.00000000
80        138        218         100.00000000         100.00000000
82         90        172         100.00000000         100.00000000
82         92        174         100.00000000         100.00000000
82         94        176         100.00000000         100.00000000
82         96        178         100.00000000         100.00000000
82         98        180         100.00000000         100.00000000
82        100        182         100.00000000         100.00000000
82        102        184         100.00000000         100.00000000
82        104        186         100.00000000         100.00000000
82        106        188         100.00000000         100.00000000
82        108        190         100.00000000         100.00000000
82        110        192         100.00000000         100.00000000
82        112        194         100.00000000         100.00000000
82        114        196         100.00000000         100.00000000
82        116        198         100.00000000         100.00000000
82        118        200         100.00000000         100.00000000
82        120        202         100.00000000         100.00000000
82        122        204         100.00000000         100.00000000
82        124        206         100.00000000         100.00000000
82        126        208         100.00000000         100.00000000
82        128        210         100.00000000         100.00000000
82        130        212         100.00000000         100.00000000
82        132        214         100.00000000         100.00000000
82        134        216         100.00000000         100.00000000
82        136        218         100.00000000         100.00000000
82        138        220         100.00000000         100.00000000
82        140        222         100.00000000         100.00000000
82        142        224         100.00000000         100.00000000
84         98        182         100.00000000         100.00000000
84        100        184         100.00000000         100.00000000
84        102        186         100.00000000         100.00000000
84        104        188         100.00000000         100.00000000
84        106        190         100.00000000         100.00000000
84        108        192         100.00000000         100.00000000
84        110        194         100.00000000         100.00000000
84        112        196         100.00000000         100.00000000
84        114        198         100.00000000         100.00000000
84        116        200         100.00000000         100.00000000
84        118        202         100.00000000         100.00000000
84        120        204         100.00000000         100.00000000
84        122        206         100.00000000         100.00000000
84        124        208         100.00000000         100.00000000
84        126        210         100.00000000         100.00000000
84        128        212         100.00000000         100.00000000
84        130        214         100.00000000         100.00000000
84        132        216         100.00000000         100.00000000
84        134        218         100.00000000         100.00000000
84        136        220         100.00000000         100.00000000
84        138        222         100.00000000         100.00000000
84        140        224         100.00000000         100.00000000
84        142        226         100.00000000         100.00000000
86        104        190         100.00000000         100.00000000
86        106        192         100.00000000         100.00000000
86        108        194         100.00000000         100.00000000
86        110        196         100.00000000         100.00000000
86        112        198         100.00000000         100.00000000
86        114        200         100.00000000         100.00000000
86        116        202         100.00000000         100.00000000
86        118        204         100.00000000         100.00000000
86        120        206         100.00000000         100.00000000
86        122        208         100.00000000         100.00000000
86        124        210         100.00000000         100.00000000
86        126        212         100.00000000         100.00000000
86        128        214         100.00000000         100.00000000
86        130        216         100.00000000         100.00000000
86        132        218         100.00000000         100.00000000
86        134        220         100.00000000         100.00000000
86        136        222         100.00000000         100.00000000
86        138        224         100.00000000         100.00000000
86        140        226         100.00000000         100.00000000
86        142        228         100.00000000         100.00000000
86        144        230         100.00000000         100.00000000
88        110        198         100.00000000         100.00000000
88        112        200         100.00000000         100.00000000
88        114        202         100.00000000         100.00000000
88        116        204         100.00000000         100.00000000
88        118        206         100.00000000         100.00000000
88        120        208         100.00000000         100.00000000
88        122        210         100.00000000         100.00000000
88        124        212         100.00000000         100.00000000
88        126        214         100.00000000         100.00000000
88        128        216         100.00000000         100.00000000
88        130        218         100.00000000         100.00000000
88        132        220         100.00000000         100.00000000
88        134        222         100.00000000         100.00000000
88        136        224         100.00000000         100.00000000
88        138        226         100.00000000         100.00000000
88        140        228         100.00000000         100.00000000
88        142        230         100.00000000         100.00000000
88        144        232         100.00000000         100.00000000
88        146        234         100.00000000         100.00000000
88        148        236         100.00000000         100.00000000
88        150        238         100.00000000         100.00000000
88        152        240         100.00000000         100.00000000
90        116        206         100.00000000         100.00000000
90        118        208         100.00000000         100.00000000
90        120        210         100.00000000         100.00000000
90        122        212         100.00000000         100.00000000
90        124        214         100.00000000         100.00000000
90        126        216         100.00000000         100.00000000
90        128        218         100.00000000         100.00000000
90        130        220         100.00000000         100.00000000
90        132        222         100.00000000         100.00000000
90        134        224         100.00000000         100.00000000
90        136        226         100.00000000         100.00000000
90        138        228         100.00000000         100.00000000
90        140        230         100.00000000         100.00000000
90        142        232         100.00000000         100.00000000
90        144        234         100.00000000         100.00000000
90        146        236         100.00000000         100.00000000
90        148        238         100.00000000         100.00000000
90        150        240         100.00000000         100.00000000
90        152        242         100.00000000         100.00000000
90        154        244         100.00000000         100.00000000
92        126        218         100.00000000         100.00000000
92        128        220         100.00000000         100.00000000
92        130        222         100.00000000         100.00000000
92        132        224         100.00000000         100.00000000
92        134        226         100.00000000         100.00000000
92        136        228         100.00000000         100.00000000
92        138        230         100.00000000         100.00000000
92        140        232         100.00000000         100.00000000
92        142        234         100.00000000         100.00000000
92        144        236         100.00000000         100.00000000
92        146        238         100.00000000         100.00000000
92        148        240         100.00000000         100.00000000
92        150        242         100.00000000         100.00000000
92        152        244         100.00000000         100.00000000
92        154        246         100.00000000         100.00000000
92        156        248         100.00000000         100.00000000
92        158        250         100.00000000         100.00000000
94        134        228         100.00000000         100.00000000
94        136        230         100.00000000         100.00000000
94        138        232         100.00000000         100.00000000
94        140        234         100.00000000         100.00000000
94        142        236         100.00000000         100.00000000
94        144        238         100.00000000         100.00000000
94        146        240         100.00000000         100.00000000
94        148        242         100.00000000         100.00000000
94        150        244         100.00000000         100.00000000
94        152        246         100.00000000         100.00000000
94        154        248         100.00000000         100.00000000
94        156        250         100.00000000         100.00000000
94        158        252         100.00000000         100.00000000
94        160        254         100.00000000         100.00000000
96        132        228         100.00000000         100.00000000
96        134        230         100.00000000         100.00000000
96        136        232         100.00000000         100.00000000
96        138        234         100.00000000         100.00000000
96        140        236         100.00000000         100.00000000
96        142        238         100.00000000         100.00000000
96        144        240         100.00000000         100.00000000
96        146        242         100.00000000         100.00000000
96        148        244         100.00000000         100.00000000
96        150        246         100.00000000         100.00000000
96        152        248         100.00000000         100.00000000
96        154        250         100.00000000         100.00000000
96        156        252         100.00000000         100.00000000
96        158        254         100.00000000         100.00000000
96        160        256         100.00000000         100.00000000
96        162        258         100.00000000         100.00000000
98        138        236         100.00000000         100.00000000
98        140        238         100.00000000         100.00000000
98        142        240         100.00000000         100.00000000
98        144        242         100.00000000         100.00000000
98        146        244         100.00000000         100.00000000
98        148        246         100.00000000         100.00000000
98        150        248         100.00000000         100.00000000
98        152        250         100.00000000         100.00000000
98        154        252         100.00000000         100.00000000
98        156        254         100.00000000         100.00000000
98        158        256         100.00000000         100.00000000
98        160        258         100.00000000         100.00000000
98        162        260         100.00000000         100.00000000
98        164        262         100.00000000         100.00000000
100        140        240         100.00000000         100.00000000
100        142        242         100.00000000         100.00000000
100        144        244         100.00000000         100.00000000
100        146        246         100.00000000         100.00000000
100        148        248         100.00000000         100.00000000
100        150        250         100.00000000         100.00000000
100        152        252         100.00000000         100.00000000
100        154        254         100.00000000         100.00000000
100        156        256         100.00000000         100.00000000
100        158        258         100.00000000         100.00000000
100        160        260         100.00000000         100.00000000
100        162        262         100.00000000         100.00000000
100        164        264         100.00000000         100.00000000
102        142        244         100.00000000         100.00000000
102        144        246         100.00000000         100.00000000
102        146        248         100.00000000         100.00000000
102        148        250         100.00000000         100.00000000
102        150        252         100.00000000         100.00000000
102        152        254         100.00000000         100.00000000
102        154        256         100.00000000         100.00000000
102        156        258         100.00000000         100.00000000
102        158        260         100.00000000         100.00000000
102        160        262         100.00000000         100.00000000
104        144        248         100.00000000         100.00000000
104        146        250         100.00000000         100.00000000
104        148        252         100.00000000         100.00000000
104        150        254         100.00000000         100.00000000
104        152        256         100.00000000         100.00000000
104        154        258         100.00000000         100.00000000
104        156        260         100.00000000         100.00000000
104        158        262         100.00000000         100.00000000
104        160        264         100.00000000         100.00000000
