    z	n	A	secondTwoPlusEnergy	err
     2       2       4        28670.00000000           1.00000000 
     2       4       6         5600.00000000           1.00000000 
     4       4       8        16626.00000000           1.00000000 
     6       4      10         6580.00000000           1.00000000 
     4       6      10         5958.39000000           1.00000000 
     6       6      12         9870.00000000           1.00000000 
     8       6      14         7768.00000000           1.00000000 
    10       6      16         6190.00000000           1.00000000 
     4       8      12         4580.00000000           1.00000000 
     6       8      14         8317.90000000           1.00000000 
     8       8      16         9844.50000000           1.00000000 
    10       8      18         3616.40000000           1.00000000 
    12       8      20         3700.00000000           1.00000000 
     6      10      16         6109.00000000           1.00000000 
     8      10      18         3920.44000000           1.00000000 
    10      10      20         7421.90000000           1.00000000 
    12      10      22         4402.00000000           1.00000000 
    14      10      24         3445.00000000           1.00000000 
     6      12      18         2515.00000000           1.00000000 
     8      12      20         4072.00000000           1.00000000 
    10      12      22         4456.20000000           1.00000000 
    12      12      24         4238.35000000           1.00000000 
    14      12      26         2787.05000000           1.00000000 
     8      14      22         6512.00000000           1.00000000 
    10      14      24         3871.20000000           1.00000000 
    12      14      26         2938.33000000           1.00000000 
    14      14      28         7380.59000000           1.00000000 
    16      14      30         3402.60000000           1.00000000 
    18      14      32        24700.00000000           1.00000000 
    10      16      26         3690.80000000           1.00000000 
    12      16      28         4554.60000000           1.00000000 
    14      16      30         3498.49000000           1.00000000 
    16      16      32         4281.80000000           1.00000000 
    18      16      34         3287.70000000           1.00000000 
    12      18      30         2468.40000000           1.00000000 
    14      18      32         4230.80000000           1.00000000 
    16      18      34         3304.21200000           1.00000000 
    18      18      36         4329.10000000           1.00000000 
    20      18      38         3683.90000000           1.00000000 
    12      20      32         2551.00000000           1.00000000 
    14      20      34         5330.40000000           1.00000000 
    16      20      36         4575.20000000           1.00000000 
    18      20      38         3936.50000000           1.00000000 
    20      20      40         5248.79000000           1.00000000 
    22      20      42         2396.10000000           1.00000000 
    16      22      38         2805.10000000           1.00000000 
    18      22      40         2524.09000000           1.00000000 
    20      22      42         2424.15000000           1.00000000 
    22      22      44         2530.90000000           1.00000000 
    26      22      48         2377.00000000           1.00000000 
    18      24      42         2485.90000000           1.00000000 
    20      24      44         1570.00000000           1.00000000 
    22      24      46         2961.80000000           1.00000000 
    24      24      48         3632.20000000           1.00000000 
    14      26      40         1624.00000000           1.00000000 
    16      26      42         2779.00000000           1.00000000 
    18      26      44         1610.00000000           1.00000000 
    20      26      46         3022.60000000           1.00000000 
    22      26      48         2421.05300000           1.00000000 
    24      26      50         2924.60000000           1.00000000 
    26      26      52         2758.80000000           1.00000000 
    16      28      44         2150.00000000           1.00000000 
    20      28      48         6105.00000000           1.00000000 
    22      28      50         3862.81000000           1.00000000 
    24      28      52         2964.78600000           1.00000000 
    26      28      54         2900.00000000           1.00000000 
    28      28      56         5352.50000000           1.00000000 
    30      28      58         2609.00000000           1.00000000 
    18      30      48         2195.00000000           1.00000000 
    20      30      50         3002.10000000           1.00000000 
    22      30      52         2264.49000000           1.00000000 
    24      30      54         2619.68000000           1.00000000 
    26      30      56         2657.58940000           1.00000000 
    28      30      58         2775.42000000           1.00000000 
    30      30      60         2559.00000000           1.00000000 
    22      32      54         2515.80000000           1.00000000 
    24      32      56         1831.65000000           1.00000000 
    26      32      58         1674.73100000           1.00000000 
    28      32      60         2158.63200000           1.00000000 
    30      32      62         1804.67000000           1.00000000 
    32      32      64         1578.70000000           1.00000000 
    18      34      52         2295.00000000           1.00000000 
    26      34      60         2672.90000000           1.00000000 
    28      34      62         2301.84000000           1.00000000 
    30      34      64         1799.41000000           1.00000000 
    32      34      66         1693.19000000           1.00000000 
    34      34      68         1196.70000000           1.00000000 
    26      36      62         2016.98000000           1.00000000 
    28      36      64         2276.58000000           1.00000000 
    30      36      66         1872.76530000           1.00000000 
    32      36      68         1777.42000000           1.00000000 
    34      36      70         1599.90000000           1.00000000 
    26      38      64         1443.60000000           1.00000000 
    28      38      66         2916.00000000           1.00000000 
    30      38      68         1883.20000000           1.00000000 
    32      38      70         1707.68900000           1.00000000 
    34      38      72         1316.68000000           1.00000000 
    36      38      74         1203.20000000           1.00000000 
    28      40      68         2743.82000000           1.00000000 
    30      40      70         1759.16000000           1.00000000 
    32      40      72         1463.99000000           1.00000000 
    34      40      74         1269.01000000           1.00000000 
    36      40      76         1221.72000000           1.00000000 
    28      42      70         1867.44000000           1.00000000 
    30      42      72         1657.30000000           1.00000000 
    32      42      74         1204.20500000           1.00000000 
    34      42      76         1216.15400000           1.00000000 
    36      42      78         1147.90100000           1.00000000 
    38      42      80         1142.13000000           1.00000000 
    30      44      74         1670.25000000           1.00000000 
    32      44      76         1108.41600000           1.00000000 
    34      44      78         1308.64400000           1.00000000 
    36      44      80         1256.24000000           1.00000000 
    38      44      82         1175.71000000           1.00000000 
    40      44      84         1119.31000000           1.00000000 
    42      44      86         1140.90000000           1.00000000 
    30      46      76         2266.46500000           1.00000000 
    32      46      78         1186.51000000           1.00000000 
    34      46      80         1449.35000000           1.00000000 
    36      46      82         1474.90000000           1.00000000 
    38      46      84         1453.93000000           1.00000000 
    40      46      86         1421.77000000           1.00000000 
    42      46      88         1495.04000000           1.00000000 
    28      48      76         2994.70000000           1.00000000 
    32      48      80         1573.56000000           1.00000000 
    34      48      82         1731.51000000           1.00000000 
    36      48      84         1897.78300000           1.00000000 
    38      48      86         1854.22000000           1.00000000 
    40      48      88         1817.86000000           1.00000000 
    42      48      90         1896.53000000           1.00000000 
    32      50      82         2215.43000000           1.00000000 
    34      50      84         2461.38000000           1.00000000 
    36      50      86         2349.47000000           1.00000000 
    38      50      88         3218.48900000           1.00000000 
    40      50      90         3308.10000000           1.00000000 
    42      50      92         3091.35000000           1.00000000 
    34      52      86         1398.94000000           1.00000000 
    36      52      88         1577.43000000           1.00000000 
    38      52      90         1892.36000000           1.00000000 
    40      52      92         1847.27000000           1.00000000 
    42      52      94         1864.31000000           1.00000000 
    44      52      96         1931.07000000           1.00000000 
    46      52      98         1966.02000000           1.00000000 
    48      52     100         1930.00000000           1.00000000 
    36      54      90         1362.25000000           1.00000000 
    38      54      92         1384.79000000           1.00000000 
    40      54      94         1671.41000000           1.00000000 
    42      54      96         1497.78700000           1.00000000 
    44      54      98         1414.36000000           1.00000000 
    46      54     100         1523.60000000           1.00000000 
    34      56      90          964.00000000           1.00000000 
    36      56      92         1446.30000000           1.00000000 
    38      56      94         2271.22000000           1.00000000 
    40      56      96         2225.84600000           1.00000000 
    42      56      98         1432.21000000           1.00000000 
    44      56     100         1362.16600000           1.00000000 
    46      56     102         1534.48000000           1.00000000 
    38      58      96         1506.84000000           1.00000000 
    40      58      98         1590.78000000           1.00000000 
    42      58     100         1063.82000000           1.00000000 
    44      58     102         1103.04700000           1.00000000 
    46      58     104         1341.68000000           1.00000000 
    48      58     106         1716.53000000           1.00000000 
    50      58     108         2155.13000000           1.00000000 
    52      58     110         1578.30000000           1.00000000 
    38      60      98          871.34000000           1.00000000 
    40      60     100          878.72000000           1.00000000 
    42      60     102          847.89000000           1.00000000 
    44      60     104          893.10000000           1.00000000 
    46      60     106         1128.02000000           1.00000000 
    48      60     108         1601.83300000           1.00000000 
    50      60     110         2121.04000000           1.00000000 
    52      60     112         1483.60000000           1.00000000 
    54      60     114         1148.70000000           1.00000000 
    36      62      98          545.00000000           1.00000000 
    38      62     100         1257.05000000           1.00000000 
    40      62     102         1036.30000000           1.00000000 
    42      62     104          812.36000000           1.00000000 
    44      62     106          792.31000000           1.00000000 
    46      62     108          931.15000000           1.00000000 
    48      62     110         1475.79000000           1.00000000 
    50      62     112         2150.87000000           1.00000000 
    52      62     114         1342.49000000           1.00000000 
    54      62     116         1015.80000000           1.00000000 
    42      64     106          710.48000000           1.00000000 
    44      64     108          707.83000000           1.00000000 
    46      64     110          813.59000000           1.00000000 
    48      64     112         1312.39000000           1.00000000 
    50      64     114         2238.95300000           1.00000000 
    52      64     116         1219.10000000           1.00000000 
    54      64     118          928.10000000           1.00000000 
    40      66     106          607.00000000           1.00000000 
    42      66     108          586.01000000           1.00000000 
    44      66     110          612.86000000           1.00000000 
    46      66     112          736.72000000           1.00000000 
    48      66     114         1209.70800000           1.00000000 
    50      66     116         2112.32300000           1.00000000 
    52      66     118         1150.82000000           1.00000000 
    54      66     120          876.10000000           1.00000000 
    56      66     122          618.20000000           1.00000000 
    40      68     108          604.10000000           1.00000000 
    42      68     110          494.21000000           1.00000000 
    44      68     112          523.51000000           1.00000000 
    46      68     114          694.62000000           1.00000000 
    48      68     116         1212.99700000           1.00000000 
    50      68     118         2042.88200000           1.00000000 
    52      68     120         1201.27000000           1.00000000 
    54      68     122          843.13000000           1.00000000 
    56      68     124          873.20000000           1.00000000 
    58      68     126          954.40000000           1.00000000 
    44      70     114          563.31000000           1.00000000 
    46      70     116          737.84000000           1.00000000 
    48      70     118         1269.55000000           1.00000000 
    50      70     120         2097.20500000           1.00000000 
    52      70     122         1256.95300000           1.00000000 
    54      70     124          846.50000000           1.00000000 
    56      70     126          873.57000000           1.00000000 
    58      70     128          869.40000000           1.00000000 
    44      72     116          614.30000000           1.00000000 
    46      72     118          812.60000000           1.00000000 
    48      72     120         1323.07000000           1.00000000 
    50      72     122         2153.81000000           1.00000000 
    52      72     124         1325.51310000           1.00000000 
    54      72     126          879.87200000           1.00000000 
    56      72     128          884.50000000           1.00000000 
    58      72     130          834.55000000           1.00000000 
    60      72     132          823.54000000           1.00000000 
    44      74     118          647.80000000           1.00000000 
    48      74     122         1367.80000000           1.00000000 
    50      74     124         2129.59600000           1.00000000 
    52      74     126         1420.18600000           1.00000000 
    54      74     128          969.47500000           1.00000000 
    56      74     130          908.02000000           1.00000000 
    58      74     132          822.17000000           1.00000000 
    60      74     134          753.86000000           1.00000000 
    62      74     136          712.88000000           1.00000000 
    48      76     124         1427.60000000           1.00000000 
    50      76     126         2110.79000000           1.00000000 
    52      76     128         1519.99500000           1.00000000 
    54      76     130         1122.11200000           1.00000000 
    56      76     132         1031.67200000           1.00000000 
    58      76     134          965.66000000           1.00000000 
    60      76     136          862.45000000           1.00000000 
    62      76     138          745.69000000           1.00000000 
    64      76     140          713.30000000           1.00000000 
    48      78     126         1579.17000000           1.00000000 
    50      78     128         2104.07000000           1.00000000 
    52      78     130         1588.25600000           1.00000000 
    54      78     132         1297.91200000           1.00000000 
    56      78     134         1167.96800000           1.00000000 
    58      78     136         1091.88000000           1.00000000 
    60      78     138         1013.80000000           1.00000000 
    62      78     140          990.37000000           1.00000000 
    64      78     142          980.03000000           1.00000000 
    50      80     130         2028.31000000           1.00000000 
    52      80     132         1665.23000000           1.00000000 
    54      80     134         1613.77000000           1.00000000 
    56      80     136         1550.98700000           1.00000000 
    58      80     138         1510.80000000           1.00000000 
    60      80     140         1414.00000000           1.00000000 
    62      80     142         1657.79000000           1.00000000 
    64      80     144         1876.41000000           1.00000000 
    52      82     134         2464.93000000           1.00000000 
    54      82     136         2289.55000000           1.00000000 
    56      82     138         2189.86100000           1.00000000 
    58      82     140         2347.88100000           1.00000000 
    60      82     142         2384.33900000           1.00000000 
    62      82     144         2423.20800000           1.00000000 
    64      82     146         2986.40000000           1.00000000 
    52      84     136         1568.36000000           1.00000000 
    54      84     138         1463.99000000           1.00000000 
    56      84     140         1510.68000000           1.00000000 
    58      84     142         1536.33000000           1.00000000 
    60      84     144         1560.92000000           1.00000000 
    62      84     146         1647.98000000           1.00000000 
    64      84     148         1834.59000000           1.00000000 
    66      84     150         1786.37000000           1.00000000 
    68      84     152         1715.40000000           1.00000000 
    72      84     156         1454.20000000           1.00000000 
    56      86     142         1424.06000000           1.00000000 
    58      86     144         1489.00000000           1.00000000 
    60      86     146         1303.20000000           1.00000000 
    62      86     148         1454.11500000           1.00000000 
    64      86     150         1430.46700000           1.00000000 
    66      86     152         1313.70000000           1.00000000 
    56      88     144         1848.16000000           1.00000000 
    58      88     146         1274.34000000           1.00000000 
    60      88     148         1170.95000000           1.00000000 
    62      88     150         1046.14800000           1.00000000 
    64      88     152          930.54500000           1.00000000 
    66      88     154          905.08000000           1.00000000 
    68      88     156          930.48000000           1.00000000 
    56      90     146         1115.21000000           1.00000000 
    58      90     148          935.59000000           1.00000000 
    60      90     150          850.75000000           1.00000000 
    62      90     152          810.45300000           1.00000000 
    64      90     154          815.49170000           1.00000000 
    66      90     156          828.64000000           1.00000000 
    68      90     158          820.12000000           1.00000000 
    70      90     160          820.51000000           1.00000000 
    56      92     148         1049.20000000           1.00000000 
    60      92     152         1251.03000000           1.00000000 
    62      92     154         1177.81200000           1.00000000 
    64      92     156         1129.43700000           1.00000000 
    66      92     158          946.32000000           1.00000000 
    68      92     160          854.20000000           1.00000000 
    70      92     162          798.42000000           1.00000000 
    72      92     164          816.00000000           1.00000000 
    60      94     154          961.60000000           1.00000000 
    62      94     156         1441.00000000           1.00000000 
    64      94     158         1187.14800000           1.00000000 
    66      94     160          966.16870000           1.00000000 
    68      94     162          900.72000000           1.00000000 
    70      94     164          863.88600000           1.00000000 
    72      94     166          809.96000000           1.00000000 
    64      96     160          988.54800000           1.00000000 
    66      96     162          888.16100000           1.00000000 
    68      96     164          860.25000000           1.00000000 
    70      96     166          932.38000000           1.00000000 
    72      96     168          875.94000000           1.00000000 
    74      96     170          937.06000000           1.00000000 
    76      96     172          702.80000000           1.00000000 
    64      98     162          863.00000000           1.00000000 
    66      98     164          761.81500000           1.00000000 
    68      98     166          785.90500000           1.00000000 
    70      98     168          984.00000000           1.00000000 
    72      98     170          961.96000000           1.00000000 
    76      98     174          690.90000000           1.00000000 
    66     100     166          857.16300000           1.00000000 
    68     100     168          821.16850000           1.00000000 
    70     100     170         1138.55000000           1.00000000 
    72     100     172          952.43000000           1.00000000 
    76     100     176          742.40000000           1.00000000 
    78     100     178          653.20000000           1.00000000 
    80     100     180          601.60000000           1.00000000 
    68     102     170          934.02300000           1.00000000 
    70     102     172         1117.87400000           1.00000000 
    72     102     174          900.24000000           1.00000000 
    74     102     176          930.00000000           1.00000000 
    76     102     178          770.99000000           1.00000000 
    78     102     180          677.48000000           1.00000000 
    80     102     182          548.30000000           1.00000000 
    66     104     170          991.80000000           1.00000000 
    68     104     172          961.40000000           1.00000000 
    70     104     174         1561.02100000           1.00000000 
    72     104     176         1226.63000000           1.00000000 
    74     104     178         1082.44000000           1.00000000 
    76     104     180          831.09000000           1.00000000 
    78     104     182          667.77000000           1.00000000 
    80     104     184          534.42000000           1.00000000 
    82     104     186          945.30000000           1.00000000 
    70     106     176         1199.57800000           1.00000000 
    72     106     178         1174.63000000           1.00000000 
    74     106     180         1117.31000000           1.00000000 
    76     106     182          890.61000000           1.00000000 
    78     106     184          648.67000000           1.00000000 
    80     106     186          621.07000000           1.00000000 
    82     106     188          952.50000000           1.00000000 
    70     108     178         1221.00000000           1.00000000 
    72     108     180         1183.36000000           1.00000000 
    74     108     182         1221.40010000           1.00000000 
    76     108     184          942.87000000           1.00000000 
    78     108     186          607.17000000           1.00000000 
    80     108     188          881.10000000           1.00000000 
    82     108     190         1163.00000000           1.00000000 
    72     110     182          818.40000000           1.00000000 
    74     110     184          903.30700000           1.00000000 
    76     110     186          767.47700000           1.00000000 
    78     110     188          605.69000000           1.00000000 
    80     110     190         1099.94000000           1.00000000 
    82     110     192         1237.88000000           1.00000000 
    84     110     194          757.67000000           1.00000000 
    74     112     186          737.96000000           1.00000000 
    76     112     188          633.03700000           1.00000000 
    78     112     190          597.61000000           1.00000000 
    80     112     192         1113.60000000           1.00000000 
    82     112     194         1308.27000000           1.00000000 
    84     112     196          859.05000000           1.00000000 
    74     114     188          628.14000000           1.00000000 
    76     114     190          557.97800000           1.00000000 
    78     114     192          612.46318000           1.00000000 
    80     114     194         1073.09000000           1.00000000 
    82     114     196         1449.87000000           1.00000000 
    84     114     198         1039.13000000           1.00000000 
    74     116     190          453.90000000           1.00000000 
    76     116     192          489.06010000           1.00000000 
    78     116     194          622.02400000           1.00000000 
    80     116     196          958.40000000           1.00000000 
    84     116     200         1392.30000000           1.00000000 
    76     118     194          656.54000000           1.00000000 
    78     118     196          688.69300000           1.00000000 
    80     118     198         1087.68740000           1.00000000 
    82     118     200         1739.35000000           1.00000000 
    84     118     202         1302.50000000           1.00000000 
    78     120     198          774.72000000           1.00000000 
    80     120     200         1254.10100000           1.00000000 
    82     120     202         1584.00000000           1.00000000 
    76     122     198          877.60000000           1.00000000 
    78     122     200          867.58000000           1.00000000 
    80     122     202          959.94000000           1.00000000 
    82     122     204         1351.23000000           1.00000000 
    84     122     206         1162.20000000           1.00000000 
    80     124     204         1716.76000000           1.00000000 
    82     124     206         1466.81000000           1.00000000 
    84     124     208         1263.03000000           1.00000000 
    82     126     208         4928.10000000           1.00000000 
    84     126     210         2290.14000000           1.00000000 
    82     128     210         2209.00000000           1.00000000 
    84     128     212         1512.70000000           1.00000000 
    84     130     214         1377.68000000           1.00000000 
    88     134     222         1024.92000000           1.00000000 
    86     136     222          867.10000000           1.00000000 
    88     136     224          965.65000000           1.00000000 
    90     136     226          847.80000000           1.00000000 
    88     138     226          873.70000000           1.00000000 
    90     138     228          874.53500000           1.00000000 
    88     140     228          770.71000000           1.00000000 
    90     140     230          677.51500000           1.00000000 
    92     140     232          734.57000000           1.00000000 
    88     142     230          734.87000000           1.00000000 
    90     142     232          774.15000000           1.00000000 
    92     142     234          851.74000000           1.00000000 
    90     144     234         1896.30000000           1.00000000 
    92     144     236          957.90000000           1.00000000 
    94     144     238          983.09000000           1.00000000 
    92     146     238          966.13000000           1.00000000 
    94     146     240          900.32000000           1.00000000 
    94     148     242          992.50000000           1.00000000 
    96     148     244          970.00000000           1.00000000 
    94     150     244          708.00000000           1.00000000 
    96     150     246         1124.26000000           1.00000000 
    98     150     248         2281.00000000           1.00000000 
    96     152     248         1050.00000000           1.00000000 
    98     152     250         1031.85200000           1.00000000 
    98     154     252          804.82000000           1.00000000 
   100     154     254          693.66000000           1.00000000 
   100     156     256          682.21000000           1.00000000 
